[gd_scene load_steps=5 format=3 uid="uid://cudcy7o72gnon"]

[ext_resource type="PackedScene" uid="uid://caabi8447msyu" path="res://prefabScenes/player.tscn" id="1_6q6j1"]

[sub_resource type="ProceduralSkyMaterial" id="ProceduralSkyMaterial_vfs8c"]
sky_horizon_color = Color(0.64625, 0.65575, 0.67075, 1)
ground_horizon_color = Color(0.64625, 0.65575, 0.67075, 1)

[sub_resource type="Sky" id="Sky_xxrm4"]
sky_material = SubResource("ProceduralSkyMaterial_vfs8c")

[sub_resource type="Environment" id="Environment_v5ge6"]
background_mode = 2
sky = SubResource("Sky_xxrm4")
tonemap_mode = 2
glow_enabled = true

[node name="Main" type="Node3D"]

[node name="WorldEnvironment" type="WorldEnvironment" parent="."]
environment = SubResource("Environment_v5ge6")

[node name="Map" type="Node3D" parent="."]

[node name="CSGBox3D" type="CSGBox3D" parent="Map"]
transform = Transform3D(1, 0, 0, 0, 1, 0, 0, 0, 1, -3.1, 0.5, -1.7)

[node name="CSGBox3D2" type="CSGBox3D" parent="Map"]
transform = Transform3D(1, 0, 0, 0, 1, 0, 0, 0, 1, 2, 0.5, 4.26263)

[node name="CSGBox3D3" type="CSGBox3D" parent="Map"]
transform = Transform3D(0.256846, 0, -0.966452, 0, 1, 0, 0.966452, 0, 0.256846, 2.3676, -0.5, -4.01104)

[node name="CSGBox3D4" type="CSGBox3D" parent="Map"]
transform = Transform3D(0.256846, 0, -0.966452, 0, 1, 0, 0.966452, 0, 0.256846, -3.46761, 1.5, 1.38624)

[node name="CSGBox3D5" type="CSGBox3D" parent="Map"]
transform = Transform3D(-0.86806, 0, -0.496459, 0, 1, 0, 0.496459, 0, -0.86806, 0.00414515, -3.0563, 0.0470428)

[node name="CSGBox3D6" type="CSGBox3D" parent="Map"]
transform = Transform3D(0.510432, -0.565359, -0.647942, 0.286608, 0.822259, -0.491676, 0.81075, 0.0652619, 0.581743, -1.09992, 4.53462, -3.10108)

[node name="CSGBox3D7" type="CSGBox3D" parent="Map"]
transform = Transform3D(0.510432, -0.565359, -0.647942, 0.286608, 0.822259, -0.491676, 0.81075, 0.0652619, 0.581743, -2.36015, 3.06463, 4.50247)

[node name="CSGBox3D8" type="CSGBox3D" parent="Map"]
transform = Transform3D(-0.495103, -0.565359, -0.659729, -0.401568, 0.822259, -0.403278, 0.770465, 0.0652619, -0.634133, 3.7537, 6.4157, -0.0779139)

[node name="CSGBox3D9" type="CSGBox3D" parent="Map"]
transform = Transform3D(-0.495103, -0.565359, -0.659729, -0.401568, 0.822259, -0.403278, 0.770465, 0.0652619, -0.634133, -3.85262, 3.73408, -1.53845)

[node name="CSGBox3D10" type="CSGBox3D" parent="Map"]
transform = Transform3D(-0.764762, -0.565359, 0.309044, -0.49289, 0.822259, 0.284516, -0.414968, 0.0652619, -0.907493, 1.36314, 1.64111, 0.199847)

[node name="Player" parent="." instance=ExtResource("1_6q6j1")]
